Documento: ejemplos/document-01.txt
Idx	Termino	TF	IDF	TF-IDF
0	a	23	0	0
1	about	9	0	0
3	acceptance	1	0	0
4	accepted	1	1.09861	1.09861
7	across	1	0	0
10	afraid	2	1.09861	2.19722
12	again	1	0.405465	0.405465
13	against	1	1.09861	1.09861
14	ahead	1	0.405465	0.405465
15	air	4	0	0
16	alive	2	0	0
17	all	4	0	0
18	allowed	1	0.405465	0.405465
19	almost	1	1.09861	1.09861
21	along	1	0.405465	0.405465
22	already	1	1.09861	1.09861
24	always	1	0	0
25	an	1	0.405465	0.405465
27	and	21	0	0
28	another	1	0.405465	0.405465
29	anything	2	0	0
35	as	5	0	0
36	ask	1	0.405465	0.405465
38	asleep	1	0.405465	0.405465
39	at	1	0	0
40	attention	2	0	0
44	back	3	0	0
45	balance	1	0	0
46	be	1	0	0
47	beautiful	1	0	0
48	beauty	1	0	0
50	because	2	1.09861	2.19722
52	before	2	0	0
53	began	2	0	0
54	beginning	1	1.09861	1.09861
55	being	1	1.09861	1.09861
56	bend	1	1.09861	1.09861
57	beneath	1	0	0
58	birds	1	0	0
59	both	1	0.405465	0.405465
62	branch	2	1.09861	2.19722
64	breathe	1	1.09861	1.09861
65	breathing	1	0.405465	0.405465
72	brushing	1	0.405465	0.405465
73	busier	1	1.09861	1.09861
75	but	14	0	0
76	by	4	0	0
78	calm	1	0	0
82	care	1	0	0
83	cared	1	1.09861	1.09861
85	carried	2	0	0
86	carry	1	1.09861	1.09861
87	caught	2	0	0
96	closed	1	0	0
99	come	1	1.09861	1.09861
100	comforting	1	0.405465	0.405465
104	connected	1	0	0
109	cool	1	0.405465	0.405465
111	could	3	0	0
112	couldn	1	0.405465	0.405465
114	covered	1	1.09861	1.09861
115	crisp	1	0.405465	0.405465
119	currents	1	0	0
121	dampness	1	1.09861	1.09861
123	darted	1	1.09861	1.09861
125	day	2	0	0
127	decided	1	0	0
128	deeper	1	0	0
129	deeply	1	0	0
131	demand	1	0.405465	0.405465
134	demands	1	1.09861	1.09861
135	details	1	0	0
136	didn	8	0	0
137	different	3	0	0
139	dirt	2	0.405465	0.81093
140	disappeared	1	1.09861	1.09861
142	distractions	1	1.09861	1.09861
144	disturbed	1	1.09861	1.09861
145	down	2	0	0
146	dragonfly	2	0	0
149	each	3	0	0
150	earlier	1	1.09861	1.09861
152	earth	2	0	0
155	easily	1	1.09861	1.09861
156	easy	1	1.09861	1.09861
157	edge	1	0	0
158	else	1	0	0
160	emptiness	1	0.405465	0.405465
162	end	1	0	0
163	ended	1	0	0
164	enough	2	0	0
168	eventually	2	0	0
170	every	1	0.405465	0.405465
172	everywhere	1	0.405465	0.405465
174	exist	1	0	0
175	existed	1	0.405465	0.405465
177	faded	1	0.405465	0.405465
179	faint	1	1.09861	1.09861
180	faintest	1	1.09861	1.09861
181	familiar	1	0	0
182	far	1	0	0
185	feeling	1	1.09861	1.09861
186	feels	1	0	0
187	felt	5	0	0
189	field	3	0.405465	1.2164
193	firm	1	1.09861	1.09861
194	first	1	0	0
195	fish	2	0	0
196	flat	1	0.405465	0.405465
201	for	7	0	0
202	forced	1	1.09861	1.09861
203	forest	1	0	0
204	forget	1	1.09861	1.09861
207	found	1	0	0
211	from	4	0	0
212	full	2	0.405465	0.81093
213	further	1	1.09861	1.09861
214	gentle	1	0.405465	0.405465
216	gently	1	0	0
217	given	1	0.405465	0.405465
218	glass	1	0	0
223	gone	1	1.09861	1.09861
226	grasses	1	0.405465	0.405465
229	gratitude	1	1.09861	1.09861
231	grew	1	0	0
232	ground	2	0	0
234	guardians	1	0.405465	0.405465
235	had	8	0	0
236	hadn	1	0	0
237	harmless	1	1.09861	1.09861
239	have	2	0	0
241	heard	1	0.405465	0.405465
243	held	1	0.405465	0.405465
244	here	4	0	0
245	hidden	2	0	0
246	higher	2	0	0
247	hold	1	0.405465	0.405465
251	how	4	0	0
254	i	44	0	0
257	if	5	0	0
258	imagined	1	1.09861	1.09861
259	important	1	1.09861	1.09861
260	in	7	0	0
261	interruptions	1	1.09861	1.09861
262	into	3	0	0
265	it	27	0	0
266	its	3	0	0
267	itself	1	0.405465	0.405465
269	judgment	1	0.405465	0.405465
271	jumping	1	1.09861	1.09861
272	just	4	0	0
275	kind	1	0	0
276	knew	1	0	0
278	laid	1	1.09861	1.09861
279	lake	13	0	0
280	landed	1	0	0
281	lap	1	1.09861	1.09861
287	learn	1	1.09861	1.09861
290	leaves	1	0	0
294	letting	1	0.405465	0.405465
295	life	3	0	0
296	lifted	1	0	0
297	light	2	0	0
298	lighter	1	0	0
299	like	6	0	0
300	liked	3	0.405465	1.2164
305	little	3	0.405465	1.2164
307	long	1	0	0
309	look	2	0	0
310	looked	2	0.405465	0.81093
311	lose	1	1.09861	1.09861
313	loud	1	1.09861	1.09861
314	made	2	0.405465	0.81093
315	many	1	0	0
317	maybe	7	0	0
318	me	15	0	0
321	measure	1	0.405465	0.405465
323	might	1	0	0
324	mind	1	0	0
325	minutes	1	0.405465	0.405465
326	mirror	1	0	0
327	missed	1	0	0
328	moment	3	0	0
329	moments	2	0	0
330	more	3	0	0
331	morning	1	0	0
333	move	1	0.405465	0.405465
334	moved	1	0	0
336	moving	1	0	0
337	much	4	0	0
338	my	8	0	0
339	myself	1	0	0
340	name	1	1.09861	1.09861
341	narrow	1	0.405465	0.405465
342	near	2	1.09861	2.19722
349	night	1	0.405465	0.405465
350	noise	2	0	0
351	noisy	1	0.405465	0.405465
352	normally	1	1.09861	1.09861
353	not	9	0	0
354	notebook	4	0	0
357	noticed	3	0	0
358	noticing	1	1.09861	1.09861
359	now	3	0	0
360	ocean	1	0.405465	0.405465
361	of	28	0	0
362	off	1	0.405465	0.405465
364	often	1	0	0
365	on	6	0	0
367	one	3	0	0
368	only	5	0	0
369	open	1	0.405465	0.405465
370	opened	1	0	0
371	opposite	1	0.405465	0.405465
372	or	1	0	0
373	orange	1	1.09861	1.09861
375	other	2	0	0
376	out	2	0	0
377	outside	1	0	0
385	painting	1	1.09861	1.09861
386	pale	1	0.405465	0.405465
387	part	2	0.405465	0.81093
388	particular	1	0.405465	0.405465
389	passed	1	1.09861	1.09861
390	passes	1	0.405465	0.405465
391	passing	1	0	0
393	path	5	0	0
396	paused	1	0.405465	0.405465
397	pay	1	1.09861	1.09861
399	peace	1	0	0
400	pen	1	0	0
403	pieces	2	1.09861	2.19722
404	pine	1	0.405465	0.405465
405	pines	1	0	0
406	place	1	0	0
409	plants	1	0	0
410	presence	1	1.09861	1.09861
411	present	1	0.405465	0.405465
412	problems	1	0.405465	0.405465
413	prove	1	1.09861	1.09861
416	quiet	2	0	0
417	quietly	2	0.405465	0.81093
418	quite	1	1.09861	1.09861
419	rare	1	0	0
420	rather	1	1.09861	1.09861
421	reached	3	0	0
423	realized	2	0	0
425	reflected	1	1.09861	1.09861
427	reminded	2	0	0
428	reminder	1	0	0
430	required	1	1.09861	1.09861
432	rested	1	1.09861	1.09861
438	ripples	1	0	0
439	rise	1	0.405465	0.405465
440	road	1	0	0
441	rock	1	1.09861	1.09861
443	roots	1	0	0
447	row	1	0.405465	0.405465
448	rugged	1	1.09861	1.09861
452	rushing	1	0.405465	0.405465
453	rustled	1	1.09861	1.09861
455	same	1	0.405465	0.405465
456	sat	2	0	0
462	schedule	1	1.09861	1.09861
467	see	1	0	0
468	seeing	1	0.405465	0.405465
469	seem	1	0.405465	0.405465
470	seemed	3	0	0
472	sense	1	1.09861	1.09861
474	separate	1	1.09861	1.09861
480	sharper	1	1.09861	1.09861
481	shimmered	1	0.405465	0.405465
485	shore	2	0	0
487	side	2	0.405465	0.81093
488	sight	1	0.405465	0.405465
492	simply	2	0	0
493	single	1	0.405465	0.405465
495	sky	4	0	0
497	slow	1	0	0
498	slowly	1	0	0
499	small	3	0	0
500	smelled	1	0.405465	0.405465
502	so	1	0	0
503	soft	1	0.405465	0.405465
505	softer	1	0.405465	0.405465
509	solved	1	0.405465	0.405465
511	somehow	1	1.09861	1.09861
512	something	7	0	0
514	sound	2	0.405465	0.81093
516	speed	1	1.09861	1.09861
517	splash	1	0.405465	0.405465
518	spread	1	0.405465	0.405465
519	stained	1	1.09861	1.09861
520	standing	1	1.09861	1.09861
524	startling	1	1.09861	1.09861
525	stay	1	1.09861	1.09861
528	step	1	0	0
529	stepped	2	0.405465	0.81093
530	still	5	0	0
531	stillness	4	0	0
535	stopped	1	0	0
538	stretched	1	0	0
539	strokes	1	1.09861	1.09861
542	successful	1	0.405465	0.405465
543	such	1	0.405465	0.405465
544	sudden	1	1.09861	1.09861
546	sun	3	0	0
547	sunlight	1	0	0
548	surface	3	0	0
549	swayed	2	0.405465	0.81093
550	t	12	0	0
551	take	1	0	0
552	talking	1	1.09861	1.09861
553	tall	1	0	0
555	than	1	0	0
556	that	11	0	0
557	the	87	0	0
558	their	2	0	0
559	them	2	0	0
560	then	2	1.09861	2.19722
561	there	3	0	0
562	they	4	0	0
564	thing	1	1.09861	1.09861
565	things	2	0.405465	0.81093
566	think	1	1.09861	1.09861
569	though	2	0	0
570	thought	3	0	0
571	through	1	0	0
573	time	3	0	0
575	tiny	1	0.405465	0.405465
576	to	26	0	0
577	today	1	0.405465	0.405465
578	too	4	0	0
579	touched	1	0.405465	0.405465
581	trail	1	0	0
582	travel	1	1.09861	1.09861
583	traveler	1	1.09861	1.09861
584	trees	4	0	0
586	turned	1	1.09861	1.09861
589	underneath	1	1.09861	1.09861
591	unnoticed	1	0.405465	0.405465
592	unseen	1	0.405465	0.405465
593	until	1	0	0
594	unusually	1	0.405465	0.405465
595	up	1	0.405465	0.405465
596	urgency	1	1.09861	1.09861
601	very	1	0.405465	0.405465
604	waited	1	0	0
605	waiting	2	0	0
606	walk	4	0	0
607	walked	3	1.09861	3.29584
608	walking	2	0	0
609	wander	1	1.09861	1.09861
610	want	1	0.405465	0.405465
613	warmer	1	0.405465	0.405465
615	was	26	0	0
616	wasn	2	0	0
617	wasted	1	0.405465	0.405465
619	watched	1	0.405465	0.405465
621	water	6	0	0
623	waves	1	0	0
624	way	6	0	0
626	went	1	0.405465	0.405465
627	were	2	0.405465	0.81093
631	when	4	0	0
632	where	5	0	0
635	while	4	0	0
636	whisper	1	1.09861	1.09861
637	whispered	1	0	0
639	whole	1	1.09861	1.09861
640	why	1	0	0
641	wide	1	0	0
644	wild	1	1.09861	1.09861
645	wind	1	0	0
646	wings	1	0	0
647	with	9	0	0
648	without	1	0.405465	0.405465
649	wonder	1	1.09861	1.09861
653	words	1	0	0
656	world	3	0	0
658	worth	1	1.09861	1.09861
659	would	1	0.405465	0.405465
661	write	3	0	0
662	writing	1	0.405465	0.405465
663	wrote	3	0	0
664	yellow	1	1.09861	1.09861
666	you	4	1.09861	4.39445
667	your	1	1.09861	1.09861

Documento: ejemplos/document-02.txt
Idx	Termino	TF	IDF	TF-IDF
0	a	20	0	0
1	about	5	0	0
2	above	3	1.09861	3.29584
3	acceptance	1	0	0
5	achieve	1	1.09861	1.09861
7	across	5	0	0
9	admired	1	1.09861	1.09861
11	after	2	0.405465	0.81093
12	again	1	0.405465	0.405465
15	air	5	0	0
16	alive	1	0	0
17	all	6	0	0
18	allowed	2	0.405465	0.81093
21	along	2	0.405465	0.81093
23	altogether	1	1.09861	1.09861
24	always	1	0	0
25	an	1	0.405465	0.405465
26	anchored	1	1.09861	1.09861
27	and	26	0	0
28	another	2	0.405465	0.81093
29	anything	1	0	0
30	anywhere	2	0.405465	0.81093
32	appointments	1	1.09861	1.09861
33	around	1	1.09861	1.09861
34	arrived	1	1.09861	1.09861
35	as	5	0	0
36	ask	1	0.405465	0.405465
37	asked	1	0.405465	0.405465
38	asleep	1	0.405465	0.405465
39	at	3	0	0
40	attention	2	0	0
42	awake	1	0.405465	0.405465
43	away	1	0.405465	0.405465
44	back	4	0	0
45	balance	1	0	0
46	be	2	0	0
47	beautiful	1	0	0
48	beauty	1	0	0
49	became	1	1.09861	1.09861
52	before	3	0	0
53	began	1	0	0
57	beneath	1	0	0
58	birds	1	0	0
61	bothered	1	1.09861	1.09861
63	branches	1	0.405465	0.405465
65	breathing	2	0.405465	0.81093
66	breeze	1	0.405465	0.405465
67	bright	1	0.405465	0.405465
68	brighter	1	1.09861	1.09861
69	bring	1	1.09861	1.09861
72	brushing	1	0.405465	0.405465
74	busy	1	1.09861	1.09861
75	but	13	0	0
76	by	3	0	0
78	calm	1	0	0
80	calmness	1	1.09861	1.09861
81	came	1	0.405465	0.405465
82	care	1	0	0
84	carefully	2	0.405465	0.81093
85	carried	2	0	0
87	caught	2	0	0
88	challenges	1	1.09861	1.09861
90	chase	1	1.09861	1.09861
91	circles	1	1.09861	1.09861
92	clean	1	1.09861	1.09861
93	climbed	1	0.405465	0.405465
94	climbing	1	1.09861	1.09861
95	close	1	1.09861	1.09861
96	closed	1	0	0
102	conditions	1	1.09861	1.09861
103	confidently	1	1.09861	1.09861
104	connected	1	0	0
105	constant	1	1.09861	1.09861
106	constantly	1	0.405465	0.405465
107	continued	1	1.09861	1.09861
108	contributed	1	1.09861	1.09861
110	coolness	1	1.09861	1.09861
111	could	3	0	0
112	couldn	1	0.405465	0.405465
113	course	1	0.405465	0.405465
115	crisp	1	0.405465	0.405465
116	crowded	1	0.405465	0.405465
119	currents	1	0	0
120	daily	3	0.405465	1.2164
122	danced	1	1.09861	1.09861
124	darting	1	1.09861	1.09861
125	day	3	0	0
126	deadlines	1	1.09861	1.09861
127	decided	1	0	0
128	deeper	1	0	0
129	deeply	1	0	0
130	deliberate	1	0.405465	0.405465
132	demanded	1	1.09861	1.09861
133	demanding	2	1.09861	2.19722
135	details	1	0	0
136	didn	7	0	0
137	different	1	0	0
141	discovered	1	1.09861	1.09861
145	down	3	0	0
146	dragonfly	2	0	0
147	drew	1	0.405465	0.405465
149	each	2	0	0
151	early	1	1.09861	1.09861
152	earth	2	0	0
154	easier	1	0.405465	0.405465
157	edge	3	0	0
158	else	2	0	0
160	emptiness	1	0.405465	0.405465
162	end	1	0	0
163	ended	1	0	0
164	enough	2	0	0
165	erased	2	1.09861	2.19722
166	especially	1	1.09861	1.09861
167	even	1	1.09861	1.09861
168	eventually	1	0	0
169	evergreen	1	1.09861	1.09861
170	every	2	0.405465	0.81093
171	everything	2	0.405465	0.81093
174	exist	1	0	0
175	existed	1	0.405465	0.405465
176	expect	1	1.09861	1.09861
178	failure	1	1.09861	1.09861
181	familiar	1	0	0
182	far	1	0	0
186	feels	1	0	0
187	felt	3	0	0
188	few	1	0.405465	0.405465
190	figure	1	1.09861	1.09861
191	filled	2	1.09861	2.19722
192	find	3	0.405465	1.2164
194	first	1	0	0
195	fish	2	0	0
196	flat	1	0.405465	0.405465
197	fleeting	1	1.09861	1.09861
198	flitted	1	1.09861	1.09861
199	focused	1	0.405465	0.405465
201	for	6	0	0
203	forest	1	0	0
205	forth	1	1.09861	1.09861
207	found	2	0	0
209	freshness	1	0.405465	0.405465
210	frighten	1	1.09861	1.09861
211	from	2	0	0
214	gentle	2	0.405465	0.81093
215	gentler	1	0.405465	0.405465
216	gently	1	0	0
218	glass	1	0	0
220	glowing	1	1.09861	1.09861
221	goals	1	1.09861	1.09861
222	gold	1	1.09861	1.09861
226	grasses	1	0.405465	0.405465
227	grateful	1	1.09861	1.09861
228	gratefully	1	1.09861	1.09861
231	grew	2	0	0
232	ground	1	0	0
234	guardians	1	0.405465	0.405465
235	had	8	0	0
236	hadn	2	0	0
239	have	2	0	0
240	head	1	1.09861	1.09861
242	heavy	1	1.09861	1.09861
244	here	3	0	0
245	hidden	2	0	0
246	higher	1	0	0
247	hold	1	0.405465	0.405465
248	horizon	1	1.09861	1.09861
251	how	5	0	0
252	hurried	1	1.09861	1.09861
254	i	43	0	0
255	idea	1	0.405465	0.405465
256	identical	1	1.09861	1.09861
257	if	2	0	0
260	in	10	0	0
262	into	1	0	0
263	invisible	1	1.09861	1.09861
264	is	2	0.405465	0.81093
265	it	22	0	0
266	its	4	0	0
268	jot	1	1.09861	1.09861
269	judgment	1	0.405465	0.405465
272	just	2	0	0
273	keep	1	1.09861	1.09861
275	kind	2	0	0
276	knew	2	0	0
277	known	1	1.09861	1.09861
279	lake	8	0	0
280	landed	1	0	0
284	layer	1	1.09861	1.09861
285	leading	1	1.09861	1.09861
286	leapt	1	1.09861	1.09861
288	learned	1	0.405465	0.405465
289	leave	1	0.405465	0.405465
290	leaves	1	0	0
291	left	1	0.405465	0.405465
292	less	1	0.405465	0.405465
295	life	4	0	0
296	lifted	1	0	0
297	light	1	0	0
298	lighter	1	0	0
299	like	6	0	0
300	liked	1	0.405465	0.405465
303	lingered	1	1.09861	1.09861
306	locked	1	0.405465	0.405465
307	long	2	0	0
308	longer	1	1.09861	1.09861
309	look	1	0	0
310	looked	2	0.405465	0.81093
314	made	1	0.405465	0.405465
315	many	1	0	0
316	mattered	1	1.09861	1.09861
317	maybe	4	0	0
318	me	16	0	0
319	meadow	3	0.405465	1.2164
321	measure	1	0.405465	0.405465
322	middle	1	1.09861	1.09861
323	might	2	0	0
324	mind	1	0	0
326	mirror	1	0	0
327	missed	1	0	0
328	moment	3	0	0
329	moments	1	0	0
330	more	3	0	0
331	morning	2	0	0
332	motion	1	1.09861	1.09861
333	move	1	0.405465	0.405465
334	moved	2	0	0
335	movement	1	1.09861	1.09861
336	moving	1	0	0
337	much	2	0	0
338	my	10	0	0
339	myself	1	0	0
341	narrow	1	0.405465	0.405465
343	necessary	1	1.09861	1.09861
346	needs	1	1.09861	1.09861
347	never	1	0.405465	0.405465
348	new	2	0.405465	0.81093
349	night	1	0.405465	0.405465
350	noise	1	0	0
351	noisy	1	0.405465	0.405465
353	not	7	0	0
354	notebook	4	0	0
356	notice	2	1.09861	2.19722
357	noticed	1	0	0
359	now	2	0	0
360	ocean	1	0.405465	0.405465
361	of	27	0	0
362	off	1	0.405465	0.405465
363	offered	1	1.09861	1.09861
364	often	2	0	0
365	on	4	0	0
366	once	1	0.405465	0.405465
367	one	1	0	0
368	only	2	0	0
369	open	1	0.405465	0.405465
370	opened	1	0	0
371	opposite	1	0.405465	0.405465
372	or	2	0	0
375	other	2	0	0
376	out	4	0	0
377	outside	1	0	0
380	overlooked	1	1.09861	1.09861
381	own	1	1.09861	1.09861
382	pace	1	0.405465	0.405465
383	packed	1	1.09861	1.09861
388	particular	1	0.405465	0.405465
391	passing	2	0	0
392	past	1	1.09861	1.09861
393	path	3	0	0
396	paused	1	0.405465	0.405465
399	peace	1	0	0
400	pen	1	0	0
401	perfectly	1	1.09861	1.09861
402	perhaps	2	0.405465	0.81093
404	pine	1	0.405465	0.405465
405	pines	1	0	0
406	place	1	0	0
407	placed	1	1.09861	1.09861
408	plans	1	1.09861	1.09861
409	plants	1	0	0
411	present	1	0.405465	0.405465
415	quickly	1	0.405465	0.405465
416	quiet	3	0	0
419	rare	1	0	0
421	reached	2	0	0
422	realize	1	1.09861	1.09861
423	realized	1	0	0
424	reason	1	1.09861	1.09861
426	reflecting	1	0.405465	0.405465
427	reminded	1	0	0
428	reminder	2	0	0
431	rest	1	1.09861	1.09861
433	revealed	1	1.09861	1.09861
434	rhythm	3	0.405465	1.2164
435	right	1	1.09861	1.09861
436	rings	1	1.09861	1.09861
438	ripples	2	0	0
440	road	1	0	0
443	roots	1	0	0
444	ropes	1	1.09861	1.09861
445	rose	1	1.09861	1.09861
446	rougher	1	0.405465	0.405465
447	row	1	0.405465	0.405465
450	rush	1	1.09861	1.09861
451	rushed	1	1.09861	1.09861
454	s	1	0.405465	0.405465
455	same	2	0.405465	0.81093
456	sat	2	0	0
459	scattering	1	1.09861	1.09861
461	scent	1	1.09861	1.09861
463	schedules	1	0.405465	0.405465
467	see	2	0	0
469	seem	1	0.405465	0.405465
470	seemed	6	0	0
471	sending	1	1.09861	1.09861
476	shades	1	1.09861	1.09861
477	shards	1	1.09861	1.09861
479	sharp	1	0.405465	0.405465
481	shimmered	1	0.405465	0.405465
484	shining	1	1.09861	1.09861
485	shore	1	0	0
486	short	1	1.09861	1.09861
488	sight	1	0.405465	0.405465
490	silent	1	1.09861	1.09861
492	simply	1	0	0
493	single	1	0.405465	0.405465
495	sky	3	0	0
497	slow	2	0	0
498	slowly	2	0	0
499	small	2	0	0
502	so	1	0	0
503	soft	1	0.405465	0.405465
504	softened	1	1.09861	1.09861
506	softly	1	0.405465	0.405465
507	soil	1	1.09861	1.09861
508	solemn	1	1.09861	1.09861
510	some	1	1.09861	1.09861
512	something	7	0	0
513	soon	1	1.09861	1.09861
514	sound	1	0.405465	0.405465
518	spread	2	0.405465	0.81093
522	started	1	0.405465	0.405465
526	stayed	1	0.405465	0.405465
527	steady	2	0.405465	0.81093
528	step	2	0	0
529	stepped	1	0.405465	0.405465
530	still	7	0	0
531	stillness	3	0	0
533	stone	1	0.405465	0.405465
534	stood	1	0.405465	0.405465
535	stopped	1	0	0
536	straight	1	1.09861	1.09861
537	stretch	2	1.09861	2.19722
538	stretched	2	0	0
541	success	1	1.09861	1.09861
545	suddenly	2	1.09861	2.19722
546	sun	2	0	0
547	sunlight	2	0	0
548	surface	4	0	0
549	swayed	1	0.405465	0.405465
550	t	11	0	0
551	take	1	0	0
553	tall	1	0	0
554	tell	1	1.09861	1.09861
555	than	2	0	0
556	that	16	0	0
557	the	85	0	0
558	their	2	0	0
559	them	2	0	0
561	there	2	0	0
562	they	2	0	0
567	thinking	1	0.405465	0.405465
568	this	2	0.405465	0.81093
569	though	2	0	0
570	thought	1	0	0
571	through	3	0	0
572	tides	1	1.09861	1.09861
573	time	2	0	0
574	timeless	1	1.09861	1.09861
575	tiny	1	0.405465	0.405465
576	to	29	0	0
577	today	1	0.405465	0.405465
578	too	2	0	0
579	touched	2	0.405465	0.81093
581	trail	1	0	0
584	trees	3	0	0
587	twice	1	1.09861	1.09861
591	unnoticed	1	0.405465	0.405465
592	unseen	1	0.405465	0.405465
593	until	1	0	0
594	unusually	1	0.405465	0.405465
598	usually	2	1.09861	2.19722
599	vanished	2	1.09861	2.19722
604	waited	1	0	0
605	waiting	1	0	0
606	walk	3	0	0
608	walking	1	0	0
610	want	1	0.405465	0.405465
611	wanting	1	0.405465	0.405465
613	warmer	1	0.405465	0.405465
615	was	17	0	0
616	wasn	1	0	0
617	wasted	1	0.405465	0.405465
618	watch	1	1.09861	1.09861
619	watched	1	0.405465	0.405465
621	water	7	0	0
622	waved	1	1.09861	1.09861
623	waves	1	0	0
624	way	3	0	0
625	well	1	1.09861	1.09861
627	were	1	0.405465	0.405465
629	what	1	0.405465	0.405465
630	whatever	1	1.09861	1.09861
631	when	5	0	0
632	where	1	0	0
635	while	2	0	0
637	whispered	1	0	0
638	whispering	1	1.09861	1.09861
640	why	1	0	0
641	wide	1	0	0
643	wider	2	1.09861	2.19722
645	wind	1	0	0
646	wings	1	0	0
647	with	6	0	0
648	without	2	0.405465	0.81093
651	wonders	1	1.09861	1.09861
652	woods	1	1.09861	1.09861
653	words	1	0	0
656	world	3	0	0
657	worries	1	1.09861	1.09861
660	wound	1	1.09861	1.09861
661	write	1	0	0
663	wrote	4	0	0

Documento: ejemplos/document-03.txt
Idx	Termino	TF	IDF	TF-IDF
0	a	25	0	0
1	about	8	0	0
3	acceptance	1	0	0
6	achievement	1	1.09861	1.09861
7	across	4	0	0
8	activity	1	1.09861	1.09861
11	after	2	0.405465	0.81093
14	ahead	1	0.405465	0.405465
15	air	4	0	0
16	alive	2	0	0
17	all	2	0	0
20	alone	1	1.09861	1.09861
24	always	1	0	0
27	and	23	0	0
29	anything	1	0	0
30	anywhere	1	0.405465	0.405465
31	appeared	1	1.09861	1.09861
35	as	3	0	0
37	asked	1	0.405465	0.405465
39	at	5	0	0
40	attention	2	0	0
41	available	1	1.09861	1.09861
42	awake	1	0.405465	0.405465
43	away	2	0.405465	0.81093
44	back	2	0	0
45	balance	1	0	0
46	be	2	0	0
47	beautiful	1	0	0
48	beauty	2	0	0
51	been	1	1.09861	1.09861
52	before	3	0	0
53	began	2	0	0
57	beneath	2	0	0
58	birds	1	0	0
59	both	1	0.405465	0.405465
60	bother	1	1.09861	1.09861
63	branches	1	0.405465	0.405465
66	breeze	1	0.405465	0.405465
67	bright	1	0.405465	0.405465
70	broad	1	1.09861	1.09861
71	broke	1	1.09861	1.09861
75	but	8	0	0
76	by	2	0	0
77	called	1	1.09861	1.09861
78	calm	2	0	0
79	calmer	1	1.09861	1.09861
81	came	1	0.405465	0.405465
82	care	2	0	0
84	carefully	1	0.405465	0.405465
85	carried	1	0	0
87	caught	1	0	0
89	chaotic	1	1.09861	1.09861
93	climbed	1	0.405465	0.405465
96	closed	1	0	0
97	closely	1	1.09861	1.09861
98	colored	1	1.09861	1.09861
100	comforting	1	0.405465	0.405465
101	compared	2	1.09861	2.19722
104	connected	1	0	0
106	constantly	1	0.405465	0.405465
109	cool	1	0.405465	0.405465
111	could	1	0	0
113	course	1	0.405465	0.405465
116	crowded	1	0.405465	0.405465
117	curled	1	1.09861	1.09861
118	current	2	1.09861	2.19722
119	currents	1	0	0
120	daily	1	0.405465	0.405465
125	day	3	0	0
127	decided	1	0	0
128	deeper	1	0	0
129	deeply	1	0	0
130	deliberate	1	0.405465	0.405465
131	demand	1	0.405465	0.405465
135	details	1	0	0
136	didn	5	0	0
137	different	1	0	0
138	differently	1	1.09861	1.09861
139	dirt	1	0.405465	0.405465
143	disturb	1	1.09861	1.09861
145	down	2	0	0
146	dragonfly	1	0	0
147	drew	1	0.405465	0.405465
148	drifting	1	1.09861	1.09861
149	each	3	0	0
152	earth	1	0	0
153	earthy	1	1.09861	1.09861
154	easier	1	0.405465	0.405465
157	edge	2	0	0
158	else	1	0	0
159	elsewhere	1	1.09861	1.09861
161	empty	1	1.09861	1.09861
162	end	1	0	0
163	ended	1	0	0
164	enough	4	0	0
168	eventually	1	0	0
171	everything	1	0.405465	0.405465
172	everywhere	1	0.405465	0.405465
173	exactly	1	1.09861	1.09861
174	exist	1	0	0
177	faded	1	0.405465	0.405465
181	familiar	2	0	0
182	far	1	0	0
183	fast	1	1.09861	1.09861
184	feel	1	1.09861	1.09861
186	feels	1	0	0
187	felt	4	0	0
188	few	1	0.405465	0.405465
189	field	1	0.405465	0.405465
192	find	3	0.405465	1.2164
194	first	1	0	0
195	fish	2	0	0
199	focused	1	0.405465	0.405465
200	followed	2	1.09861	2.19722
201	for	4	0	0
203	forest	1	0	0
206	forward	1	1.09861	1.09861
207	found	1	0	0
208	fragile	1	1.09861	1.09861
209	freshness	1	0.405465	0.405465
211	from	3	0	0
212	full	1	0.405465	0.405465
215	gentler	1	0.405465	0.405465
216	gently	1	0	0
217	given	1	0.405465	0.405465
218	glass	2	0	0
219	glimmered	1	1.09861	1.09861
224	got	1	1.09861	1.09861
225	grass	2	1.09861	2.19722
230	great	1	1.09861	1.09861
231	grew	1	0	0
232	ground	1	0	0
233	growing	1	1.09861	1.09861
235	had	9	0	0
236	hadn	1	0	0
238	harmony	1	1.09861	1.09861
239	have	1	0	0
241	heard	1	0.405465	0.405465
243	held	1	0.405465	0.405465
244	here	5	0	0
245	hidden	1	0	0
246	higher	1	0	0
249	hours	1	1.09861	1.09861
250	house	1	1.09861	1.09861
251	how	7	0	0
253	hurry	2	1.09861	2.19722
254	i	49	0	0
255	idea	1	0.405465	0.405465
257	if	5	0	0
260	in	12	0	0
262	into	1	0	0
264	is	1	0.405465	0.405465
265	it	23	0	0
266	its	2	0	0
267	itself	2	0.405465	0.81093
270	jumped	1	1.09861	1.09861
272	just	3	0	0
274	kept	1	1.09861	1.09861
275	kind	2	0	0
276	knew	1	0	0
279	lake	9	0	0
280	landed	1	0	0
282	lapped	1	1.09861	1.09861
283	lay	1	1.09861	1.09861
288	learned	1	0.405465	0.405465
289	leave	1	0.405465	0.405465
290	leaves	1	0	0
291	left	1	0.405465	0.405465
292	less	1	0.405465	0.405465
293	let	2	1.09861	2.19722
294	letting	1	0.405465	0.405465
295	life	4	0	0
296	lifted	1	0	0
297	light	3	0	0
298	lighter	1	0	0
299	like	8	0	0
301	line	1	1.09861	1.09861
302	lined	1	1.09861	1.09861
304	lingers	1	1.09861	1.09861
305	little	1	0.405465	0.405465
306	locked	1	0.405465	0.405465
307	long	3	0	0
309	look	1	0	0
312	lost	1	1.09861	1.09861
315	many	1	0	0
317	maybe	4	0	0
318	me	13	0	0
319	meadow	1	0.405465	0.405465
320	meant	1	1.09861	1.09861
323	might	1	0	0
324	mind	1	0	0
325	minutes	1	0.405465	0.405465
326	mirror	1	0	0
327	missed	1	0	0
328	moment	2	0	0
329	moments	1	0	0
330	more	3	0	0
331	morning	2	0	0
334	moved	3	0	0
336	moving	2	0	0
337	much	1	0	0
338	my	6	0	0
339	myself	2	0	0
344	need	1	1.09861	1.09861
345	needed	1	1.09861	1.09861
347	never	1	0.405465	0.405465
348	new	2	0.405465	0.81093
350	noise	2	0	0
353	not	5	0	0
354	notebook	4	0	0
355	nothing	1	1.09861	1.09861
357	noticed	2	0	0
359	now	2	0	0
361	of	17	0	0
364	often	2	0	0
365	on	5	0	0
366	once	1	0.405465	0.405465
367	one	3	0	0
368	only	2	0	0
370	opened	2	0	0
372	or	3	0	0
374	ordinary	1	1.09861	1.09861
375	other	1	0	0
376	out	1	0	0
377	outside	1	0	0
378	outward	1	1.09861	1.09861
379	overhead	1	1.09861	1.09861
382	pace	2	0.405465	0.81093
384	paid	1	1.09861	1.09861
386	pale	1	0.405465	0.405465
387	part	1	0.405465	0.405465
390	passes	1	0.405465	0.405465
391	passing	1	0	0
393	path	3	0	0
394	patience	1	1.09861	1.09861
395	pause	1	1.09861	1.09861
398	paying	1	1.09861	1.09861
399	peace	1	0	0
400	pen	1	0	0
402	perhaps	1	0.405465	0.405465
405	pines	1	0	0
406	place	2	0	0
409	plants	1	0	0
412	problems	1	0.405465	0.405465
414	quick	1	1.09861	1.09861
415	quickly	1	0.405465	0.405465
416	quiet	2	0	0
417	quietly	1	0.405465	0.405465
419	rare	1	0	0
421	reached	1	0	0
423	realized	1	0	0
426	reflecting	1	0.405465	0.405465
427	reminded	1	0	0
428	reminder	2	0	0
429	repeat	1	1.09861	1.09861
434	rhythm	2	0.405465	0.81093
437	rippled	1	1.09861	1.09861
438	ripples	2	0	0
439	rise	1	0.405465	0.405465
440	road	1	0	0
442	rolled	1	1.09861	1.09861
443	roots	1	0	0
446	rougher	1	0.405465	0.405465
449	running	1	1.09861	1.09861
452	rushing	2	0.405465	0.81093
454	s	2	0.405465	0.81093
456	sat	1	0	0
457	saw	2	1.09861	2.19722
458	scattered	2	1.09861	2.19722
460	scene	1	1.09861	1.09861
463	schedules	1	0.405465	0.405465
464	sea	1	1.09861	1.09861
465	seconds	1	1.09861	1.09861
466	secrets	1	1.09861	1.09861
467	see	1	0	0
468	seeing	1	0.405465	0.405465
470	seemed	4	0	0
473	sentries	1	1.09861	1.09861
475	sets	1	1.09861	1.09861
478	sharing	1	1.09861	1.09861
479	sharp	2	0.405465	0.81093
482	shimmering	1	1.09861	1.09861
483	shine	1	1.09861	1.09861
485	shore	1	0	0
487	side	2	0.405465	0.81093
489	silence	3	1.09861	3.29584
491	simpler	1	1.09861	1.09861
492	simply	2	0	0
494	sit	1	1.09861	1.09861
495	sky	4	0	0
496	slipped	1	1.09861	1.09861
497	slow	2	0	0
498	slowly	1	0	0
499	small	1	0	0
500	smelled	1	0.405465	0.405465
501	smooth	1	1.09861	1.09861
502	so	1	0	0
505	softer	1	0.405465	0.405465
506	softly	1	0.405465	0.405465
509	solved	1	0.405465	0.405465
512	something	4	0	0
515	specific	1	1.09861	1.09861
517	splash	1	0.405465	0.405465
521	stared	1	1.09861	1.09861
522	started	1	0.405465	0.405465
523	starting	1	1.09861	1.09861
526	stayed	1	0.405465	0.405465
527	steady	2	0.405465	0.81093
528	step	3	0	0
530	still	5	0	0
531	stillness	3	0	0
532	stirred	1	1.09861	1.09861
533	stone	1	0.405465	0.405465
534	stood	1	0.405465	0.405465
535	stopped	1	0	0
538	stretched	1	0	0
540	struck	1	1.09861	1.09861
542	successful	1	0.405465	0.405465
543	such	1	0.405465	0.405465
546	sun	3	0	0
547	sunlight	1	0	0
548	surface	3	0	0
550	t	11	0	0
551	take	2	0	0
553	tall	2	0	0
555	than	3	0	0
556	that	13	0	0
557	the	68	0	0
558	their	2	0	0
559	them	3	0	0
561	there	2	0	0
562	they	2	0	0
563	thin	1	1.09861	1.09861
565	things	1	0.405465	0.405465
567	thinking	1	0.405465	0.405465
568	this	1	0.405465	0.405465
569	though	1	0	0
570	thought	3	0	0
571	through	1	0	0
573	time	3	0	0
576	to	19	0	0
578	too	2	0	0
580	track	1	1.09861	1.09861
581	trail	1	0	0
584	trees	4	0	0
585	trying	1	1.09861	1.09861
588	under	1	1.09861	1.09861
590	unlike	1	1.09861	1.09861
593	until	1	0	0
595	up	1	0.405465	0.405465
597	usual	1	1.09861	1.09861
600	vanishing	1	1.09861	1.09861
601	very	1	0.405465	0.405465
602	view	1	1.09861	1.09861
603	visitor	1	1.09861	1.09861
604	waited	1	0	0
605	waiting	1	0	0
606	walk	2	0	0
608	walking	2	0	0
611	wanting	1	0.405465	0.405465
612	warmed	1	1.09861	1.09861
614	warmth	1	1.09861	1.09861
615	was	21	0	0
616	wasn	4	0	0
620	watching	2	1.09861	2.19722
621	water	5	0	0
623	waves	1	0	0
624	way	2	0	0
626	went	1	0.405465	0.405465
628	weren	1	1.09861	1.09861
629	what	3	0.405465	1.2164
631	when	6	0	0
632	where	1	0	0
633	whether	1	1.09861	1.09861
634	which	1	1.09861	1.09861
635	while	1	0	0
637	whispered	1	0	0
640	why	1	0	0
641	wide	1	0	0
642	widened	1	1.09861	1.09861
645	wind	2	0	0
646	wings	1	0	0
647	with	6	0	0
650	wondered	1	1.09861	1.09861
653	words	1	0	0
654	work	1	1.09861	1.09861
655	working	1	1.09861	1.09861
656	world	3	0	0
659	would	2	0.405465	0.81093
661	write	1	0	0
662	writing	2	0.405465	0.81093
663	wrote	3	0	0
665	yet	1	1.09861	1.09861

Matriz de similitud coseno:
	0	1	2	
0	1	0.0632777	0.0466427	
1	0.0632777	1	0.0730768	
2	0.0466427	0.0730768	1	
